1169844686 810
1169847522 925
1170425902 2209
1170432329 2332
1172007644 2535
1172007669 2604
1172095497 2646
1172162353 2620
1172237916 2737
1172316284 2539
1172339240 2634
1172342348 2660
1172504421 3332
1172504815 3332
1172505301 3332
1172505342 3333
1172518018 3333
1172672822 3344
1172673658 3349
1172698506 3390
1172699182 3400
1172768661 3380
1172780186 3718
1172793580 4248
1172846878 4246
1172848003 4253
1172869685 4318
1173229681 4458
1173286224 4430
1173302130 4435
1173526547 4532
1173704607 4535
1173715278 4593
1173716984 4621
1173730954 4701
1173744727 4752
1173792512 4767
1173793746 4791
1173797170 4798
1173798577 4823
1173799072 4830
1173818874 5210
1173878439 5210
1173882689 5209
1173896083 5147
1173896813 5148
1173977807 5474
1173977863 5478
1173986323 5881
1173999813 6089
1174049209 6089
1174049778 6096
1174076431 6219
1174156163 6224
1174396429 6225
1174415912 6594
1174416672 6593
1174420645 6627
1174437303 6742
1174490009 6830
1174593661 6835
1174922682 6857
1174939260 6868
1174991101 6871
1175001324 6883
1175125538 6884
1175195749 6885
1175537897 6896
1175707642 6898
1175736206 6927
1175789625 7010
1175797752 7024
1175888352 7073
1176129775 7085
1176211650 7204
1176221609 7054
1176223018 7009
1176228744 7025
1176296333 7022
1176314275 7139
1176389511 7156
1176394487 7383
1176729789 7401
1176838834 7389
1176927347 7368
1177004282 7406
1177011684 7467
1177115009 7903
1177358187 8086
1177362026 8153
1177430941 8126
1177433045 8157
1177433136 8172
1177510095 8171
1177620366 8492
1177961149 8505
1178582685 8506
1178756028 8523
1179509167 8553
1179839828 8563
1179842830 8587
1180534892 8598
1181268741 8628
1181306681 8629
1181395357 8292
1181650084 8302
1181650888 8310
1181653631 9179
1181662749 9240
1181677268 9225
1181750019 9226
1182170750 9226
1182177261 9227
1182537468 9239
1182537483 9240
1182538247 9241
1183060921 9238
1183061003 9238
1183062029 9403
1183063008 9404
1186517759 9424
1186518934 9425
1188417404 9448
1189554517 9449
1189775959 9460
1189780266 9460
1189780270 9454
1192479879 9461
1192479904 10186
1192479914 10290
1192479941 10380
1192479943 10382
1192629536 10380
1192804688 10381
1195231567 10386
1196440224 10420
1196799072 10421
1196869298 11123
1197225984 11140
1197382902 11408
1197382962 11409
1197488376 11442
1197488386 11050
1197562365 11050
1197648030 11262
1198272335 11309
1199460986 12185
1199461102 15199
1199461279 15215
1199464195 16497
1199737548 16497
1199825708 16491
1199825792 16775
1200335700 17106
1200335753 17106
1200337687 17107
1200411212 17108
1200590614 17106
1200592718 17107
1201019523 17132
1201019525 17130
1201019526 17130
1201019527 17130
1201019529 17138
1201019653 17143
1201209194 17592
1201637496 17607
1201637718 17629
1201711434 17632
1201895703 17142
1201895887 17645
1202137813 17649
1202137872 17142
1202315865 17143
1203092366 17188
1203092398 17182
1203092402 17180
1203623723 17181
1204592116 17588
1204647414 17577
1204647812 17597
1204648536 17642
1204654042 17695
1206385398 19049
1206385438 19178
1206385477 19119
1206385489 19267
1206385544 19599
1206478220 19683
1207059606 19714
1207060606 19787
1207060731 19787
1207061542 19806
1207062493 19824
1207254948 19991
1207338000 20078
1207338137 20076
1207772892 20175
1207784941 20076
1207858920 20279
1207930726 20278
1208273537 20285
1208288528 20434
1208358861 20487
1208529102 20595
1208529917 20636
1208534181 20647
1208887591 20834
1208887616 21693
1208889052 21693
1209046705 21693
1209048872 21698
1209062775 21719
1209063470 21726
1209156921 21737
1209415462 21897
1209415511 21901
1209493758 21902
1209651767 21903
1209740721 21904
1209755111 21907
1209755288 22037
1209759122 22068
1209995126 22085
1210611717 22087
1210614684 22089
1210700938 22133
1212071529 22134
1213064593 22139
1213106958 22151
1216827373 22152
1216829533 22195
1216916010 22220
1216916012 22226
1216921924 22226
1217423702 22233
1217423802 22235
1217423841 22235
1217438968 22236
1217451777 22241
1217879191 22241
1217879196 22242
1218039421 22242
1219277482 22258
1219277483 22158
1219348174 22158
1220645758 22176
1222187350 22439
1222439213 22468
1223567726 22422
1223567730 22422
1223574023 22422
1225303667 22501
1225303780 22501
1225305461 22472
1225379499 22504
1225471682 22526
1227022448 22919
1227022806 22816
1227025595 22868
1227035624 22919
1227192768 23795
1228220316 23808
1228220348 23796
1228229903 23851
1228231236 23851
1228497691 23995
1228773631 23892
1228773674 24024
1229548207 24486
1231358231 25891
1231358232 25884
1231359135 25891
1231529973 25893
1231531588 25893
1231678715 25896
1231782426 25920
1231782994 25920
1232125501 25915
1232154499 25915
1232562169 26119
1232564376 25967
1232564424 25915
1236618044 26138
1239820214 26200
1242228455 26206
1243629330 27864
1244044787 27835
1244044820 26276
1244044943 26347
1244045081 26352
1244045581 26352
1244726851 27829
1244739375 27829
1244825750 27822
1247332357 45824
1253563437 28214
1258054449 28439
1260565927 28997
1263406883 30517
1264352405 30175
1267388987 28979
1268318332 29179
1268338102 30235
1268340696 30238
1268341630 30240
1268343170 30410
1268666660 30556
1268929952 31010
1270560617 31039
1278580679 32838
1279012684 32840
1284001022 31216
1284001123 31226
1284001512 31227
1284002365 31238
1284003982 31241
1284010907 31255
1284010969 31254
1284011252 31254
1284011354 31255
1284011426 31255
1284011509 31257
1284012177 31257
1284012369 31257
1284012628 31266
1284039708 31270
1284039762 31270
1286221270 31291
1286288088 31363
1286373218 31366
1289838732 31915
1289956072 32883
1290052196 31655
1290179127 32893
1291571204 31908
1291571256 31692
1291571265 31671
1291919223 31563
1291919468 31626
1291930589 31482
1292384013 37006
1292446699 31366
1292446823 31378
1292446965 31379
1292446980 34962
1292875579 31558
1295786376 32895
1295786563 32929
1295796667 31503
1297064076 31484
1297079704 31483
1299510321 32809
1300103869 32908
1302174124 32814
1303417447 32874
1303804960 32831
1303804961 32863
1303804962 32863
1303804963 32864
1303804964 32865
1304604972 32866
1306983267 32872
1307175557 32872
1307175558 32878
1307175559 32879
1307175560 32881
1307175561 32889
1307175562 32891
1307175563 32907
1307175564 32907
1307911959 32865
1308003851 32906
1308167725 34960
1308620759 34961
1309113678 32907
1309288295 32907
1309370075 32902
1309437278 32865
1309560276 32903
1309560278 32901
1309645599 32933
1309645600 32936
1309721660 32935
1310120711 37035
1310233823 34764
1310438917 34858
1310974016 34764
1310992641 32963
1310992642 33019
1310992643 33036
1310992644 34702
1310992645 34764
1311887877 32907
1313045140 34858
1314530604 34858
1314765351 34858
1318108159 34961
1318419373 45326
1320084303 37024
1320247329 37003
1320248550 37296
1320337069 37294
1320519521 37432
1321889237 37435
1322179438 56684
1322496750 48210
1322757201 37435
1322848335 56684
1323712825 37460
1324025208 40027
1326122335 40018
1326122336 40022
1328017222 68554
1328454841 37926
1328454849 38676
1328472550 38702
1328476308 38760
1328522759 38763
1328522778 38765
1328536423 38768
1328536445 38805
1328609604 39193
1328621798 39274
1328754553 39373
1328754596 39395
1328755100 39395
1328757986 39395
1328797759 39401
1328801885 39461
1328806413 39489
1328870959 39938
1328898530 39581
1329682306 39934
1329853041 39802
1329856400 39807
1329857770 39837
1329877254 39886
1329983469 40029
1329983525 40029
1329983578 40000
1330925639 39901
1332793028 39890
1332950727 39905
1332958852 40003
1333372201 39901
1333372202 39901
1333999333 39908
1334155370 39909
1334950043 39908
1334950044 39906
1334950045 39925
1334950046 39925
1335378152 39932
1335830048 40005
1336740917 40005
1337187088 47745
1338055075 40010
1338917194 40017
1339221130 47696
1340210539 40206
1340210603 40213
1340210644 40324
1340666011 40198
1341502542 40176
1341514731 40176
1341583870 40196
1342520290 44158
1342521016 44158
1342521673 44158
1343146662 42997
1343232084 40313
1343242927 43121
1343250505 42997
1343392675 44149
1343987331 44165
1343987335 44214
1343987336 44389
1343987337 44416
1344335874 44157
1344416088 44521
1344416094 44851
1344530909 43143
1344566776 44161
1344575536 44162
1344586442 44163
1344924246 44502
1345019393 44506
1345127120 47488
1345462818 43097
1345529787 44163
1346391644 45282
1346484715 44522
1346488235 44523
1346489130 44541
1346781566 45268
1347030136 45256
1347424219 44152
1347951109 44823
1347959677 44850
1348046511 45098
1348139062 45163
1348176388 45307
1348210448 45258
1348210815 45246
1348538535 45244
1348538536 45246
1348765460 45203
1348766700 45219
1348767181 45213
1348801359 45238
1349122287 45215
1349397331 45282
1349945028 45307
1350372555 45308
1350482038 45311
1350830073 45311
1351178877 45316
1351533197 45287
1351533198 45300
1351533199 45306
1352879181 45314
1352954870 45320
1352954871 45323
1352954872 45326
1353018243 45327
1353392806 45327
1354270119 45327
1355744123 47882
1355744127 47888
1355744129 47888
1357597475 47957
1357716667 45325
1357727564 45325
1359155548 47515
1359492100 45337
1359534763 47881
1359534767 47853
1359586223 47564
1359586225 47568
1359586226 47598
1359658673 47858
1359733462 45335
1359749827 47496
1359749904 47495
1359750064 47496
1359912867 45830
1359993477 47734
1359998783 47490
1360101862 47515
1360172544 47704
1360173118 47733
1360283817 47515
1360283818 47521
1360283821 47537
1360283822 47549
1360687184 47537
1360687350 47568
1360691075 47964
1360697090 47531
1360828384 47722
1360866590 47725
1360866603 47827
1361181917 47832
1361516364 47963
1361832875 47851
1361832876 47848
1361832877 47867
1361832878 47868
1361832879 47868
1361832880 47865
1361832881 47872
1361832882 47876
1361832883 47875
1361832884 47875
1361832885 47876
1361832886 47880
1361832887 47884
1361832888 47887
1361832889 47888
1361915422 47888
1361932314 47962
1361963001 47959
1361963058 47962
1362132601 47963
1362132602 47959
1362361048 47959
1362436542 47989
1362436791 47961
1362436792 47964
1362436793 47968
1362436795 47969
1362436796 47969
1362436797 47969
1362436798 47976
1362436799 47976
1362436800 47979
1362436801 47982
1362436803 47994
1362437137 48011
1362437380 48011
1362587571 48025
1362756345 48021
1363036637 48031
1363043578 48034
1363043579 48124
1363043580 48105
1363061860 48147
1363097259 48032
1363103051 48151
1363109888 48189
1363109889 48193
1363109890 48200
1363109891 48203
1363109892 48208
1363109894 48285
1363109896 48363
1363189047 48164
1363227161 48161
1363231039 48162
1363356177 48165
1363363845 48365
1363375936 49748
1363381988 48366
1363591778 48366
1363619223 48391
1363632645 48380
1363637024 48461
1363671204 48392
1363700593 48601
1363713125 47697
1363850237 48898
1363854817 48935
1363881760 49028
1363963927 52200
1364221302 49028
1364392452 51185
1364417741 48898
1364480769 51330
1364480866 51332
1364493063 51518
1365083870 51174
1365141299 48993
1365141302 49004
1365162246 51608
1365273004 49462
1365387620 48993
1365527310 51185
1365527311 51186
1365527312 51186
1365527313 51210
1365527314 51213
1365527315 51234
1365527317 51234
1365527318 51236
1365527319 51236
1365527320 51249
1365527321 51249
1365527322 51249
1365527323 51246
1365527324 51246
1365527325 51300
1365527496 49731
1365527990 49730
1365588511 51238
1365613856 56645
1365694770 51291
1365695058 51292
1366007889 49004
1366088295 49003
1366101652 51510
1366104524 51509
1366131656 51530
1366132418 51548
1366432630 51608
1366582957 51796
1366606886 51613
1366607801 51650
1366625871 51650
1366709100 51666
1366709101 51672
1366712335 51823
1366750645 51823
1366944285 51796
1367010362 56878
1367010364 56880
1367010365 56879
1367010366 56589
1367010367 56607
1367010368 56609
1367010369 56607
1367010370 56603
1367500522 52829
1367511622 56605
1367553098 56655
1367612326 51797
1367614852 51802
1367867701 51803
1367867718 57685
1367877711 51803
1367929480 51804
1368027636 53239
1368107779 51810
1368108595 51851
1368372824 56645
1368458619 56647
1368557062 52828
1368626089 56739
1368640602 53239
1368656764 56697
1368716644 56852
1368797663 53618
1368896077 56854
1369832892 53614
1370262701 67494
1370286785 53607
1370286928 53711
1370379292 53715
1370440979 53723
1370571959 57324
1370893892 56855
1370893893 56856
1370893894 56894
1370992517 57445
1371234354 56894
1371505523 57012
1372057755 57012
1372220203 57007
1372224428 57014
1372259875 56949
1372259876 57059
1372259877 57003
1372259878 57008
1372259879 57021
1372264896 56886
1372314318 57007
1372593105 57012
1372857909 53709
1372857910 53716
1372857911 53674
1372857912 53666
1372857913 53721
1372857914 53743
1372857915 53845
1372857916 54500
1372857917 56041
1372857918 56091
1372857919 56262
1372857920 56531
1372867658 57011
1372872641 57013
1372872761 57010
1372875883 56886
1372931319 57034
1372952919 57041
1373031307 57041
1373036944 56885
1373040682 56910
1373041843 56910
1373046247 56917
1373098951 57037
1373289684 57040
1373370323 57038
1373387909 57038
1373387926 57039
1373387935 57039
1373387964 57043
1373401483 57001
1373445394 57044
1373477451 57043
1373576177 57669
1373812343 57140
1373866247 57356
1373866248 57356
1373866249 57356
1373866250 57369
1373866253 57416
1373866254 57425
1373888210 57358
1374077020 57428
1374215494 57435
1374547401 57450
1374547402 57673
1374773726 57687
1374773727 57673
1374773730 57674
1375122996 57676
1375182497 57033
1375182595 57445
1375280638 57695
1375335333 57686
1375491163 57694
1375493095 57665
1375625645 57163
1375739168 57665
1375739373 57665
1375814944 57636
1375837413 57177
1375877485 57469
1375959099 57177
1376079647 57174
1376454359 80689
1376454550 57187
1376454551 57223
1376454552 57253
1376454553 57283
1376454554 57317
1376454555 57348
1376454556 57371
1376454557 57404
1376502261 80683
1376504514 80687
1376505561 85286
1376522191 57416
1376522192 57381
1376522193 57381
1376522194 57378
1376522195 57390
1376522196 57390
1376522197 57390
1376522198 57393
1376522199 57394
1376522200 57394
1376522201 57394
1376522202 57394
1376522203 57392
1376522204 57394
1376522205 57402
1376616605 80688
1376663967 80683
1376745362 57418
1376747309 57423
1377852637 57501
1378135344 61848
1378207198 57448
1378295000 57507
1378308138 57507
1378308139 57500
1378308140 57503
1378308142 57497
1378308143 57497
1378308144 57497
1378308145 57495
1378308146 57495
1378308147 57495
1378308148 57495
1378308149 57495
1378308150 57495
1378308151 57497
1378308152 57497
1378308153 57497
1378308154 57497
1378308156 57501
1378308157 57503
1378348734 57505
1378348735 57515
1378348736 57520
1378348737 57526
1378360290 57538
1378364014 57543
1378364108 57560
1378364239 57660
1378368043 57538
1378706892 57660
1378759255 57663
1378759314 57774
1378759315 57848
1378759316 57994
1378759317 58093
1378759318 61077
1378764384 58093
1378764398 58099
1378780109 58108
1379429640 58108
1379429641 58141
1379431280 58188
1379431281 58182
1379431282 59989
1379431493 60162
1379492853 60162
1379492854 60163
1379492855 60164
1379517993 60560
1379521170 60639
1379670926 60596
1379683652 60596
1379691161 60890
1379695327 60893
1379695938 61267
1379699491 60893
1379701331 60895
1379752458 60597
1379960231 60974
1379963897 61039
1380284681 60908
1380296700 60965
1380303005 60962
1380572122 60961
1380621562 60885
1380632098 61191
1380632313 61192
1380632419 61275
1380641507 61278
1380716907 61279
1380919359 61344
1381127771 61344
1381130497 61785
1381130498 61825
1381130499 61853
1381130500 61866
1381130501 61880
1381130502 62151
1381130503 62176
1381130504 62466
1381130507 62615
1381182174 62621
1381182176 62621
1381182177 62629
1381182178 62638
1381182179 62588
1381182180 62589
1381182181 62591
1381182182 62591
1381182183 62591
1381182184 62585
1381182185 62586
1381203698 62782
1381203700 62770
1381249442 62614
1381492373 62770
1381492374 62770
1381508506 62589
1381592872 62599
1381934215 62708
1381991129 63023
1382363888 62709
1382421201 62708
1382421202 62755
1382451021 62755
1382458961 62394
1382545083 62756
1382547609 62784
1382559843 62825
1382625776 61247
1382693445 61261
1382695304 61221
1382724100 61260
1382984923 62789
1383549461 61281
1383734952 62790
1383779740 62792
1383779741 62793
1383779742 62793
1383779743 62793
1383779744 62795
1383779745 62797
1383779746 62798
1383779748 62798
1383779749 62802
1383779750 62802
1383779751 62799
1383779752 62806
1383779753 62812
1383779754 62818
1383779755 62821
1383792823 61267
1383936712 62838
1384186944 62838
1384263702 61276
1384263703 63394
1384263704 63402
1384263705 63403
1384305729 63481
1384330779 61267
1384334746 61271
1384365312 79059
1384435845 62842
1384436443 62856
1384438193 62863
1384513869 62863
1384514735 63534
1384802288 62942
1385127710 62942
1385412537 62942
1385563436 61279
1385568504 61281
1385572498 61285
1385572954 61285
1385616769 61294
1385616770 61297
1385616771 61668
1385616772 61743
1385743045 61735
1385964713 61742
1385964714 61748
1385964715 61757
1385966545 61757
1386149076 61757
1386352849 61759
1386674191 61759
1386695830 61848
1386754066 61848
1386778672 61855
1386833656 62268
1386834378 61855
1386834420 62286
1386844867 62266
1386871886 62357
1387197237 62266
1387197238 62266
1387208830 62359
1387338765 62368
1387339675 62394
1387360593 62380
1387426136 62400
1388123789 62377
1389125975 62264
1389264758 62778
1389271332 62372
1389307634 62380
1389365402 62411
1389618895 62419
1389698227 63540
1389735843 62419
1389967243 62420
1390207461 62423
1390318364 63578
1391346080 63617
1391605071 63578
1391696958 63579
1391756839 63591
1391786460 63591
1391799230 63595
1392017308 63592
1392035797 63592
1392123612 63594
1392183877 63595
1392261395 63589
1392261396 63588
1392261397 63586
1392319141 72872
1392319161 73064
1392319184 63582
1392319190 73519
1392319212 73661
1392403247 63600
1392632389 63608
1392859850 63600
1392859851 63559
1392859852 63562
1392864543 63580
1392864545 63580
1392907470 63583
1392962825 63642
1393242217 63573
1393242218 63587
1393242219 63594
1393242914 63573
1393254491 63583
1393314149 63583
1393328936 63573
1393328937 63599
1393352739 63597
1393402988 63599
1393514321 63617
1393514749 63617
1393608426 63617
1393978343 63629
1394077006 73655
1394077007 63612
1394077008 63629
1394085236 63642
1394085237 63640
1394085238 63647
1394085239 63668
1394085240 63684
1394494788 63629
1394533748 63687
1394533749 63684
1394686890 63695
1394686891 63696
1394767691 63710
1394840985 63711
1394883975 63711
1394886157 63711
1395057541 63718
1395144162 63733
1395144163 63736
1395144166 63736
1395144167 63736
1395209402 73656
1395308615 63724
1395363983 64717
1395408968 63684
1395651887 64694
1395758827 64707
1395862470 64710
1395933577 63740
1396010397 63738
1396346470 66924
1396427352 64053
1396427353 64225
1396427354 64388
1396427355 64465
1396427356 64540
1396427357 64638
1396427358 64683
1396427359 64743
1396427360 64812
1396427361 64872
1396427362 64930
1396427363 64989
1396427364 65100
1396427365 65176
1396427368 65224
1396427369 65274
1396427370 65319
1396427371 65389
1396427372 65438
1396427373 65491
1396427374 65538
1396427375 65577
1396427376 65628
1396427377 65761
1396427378 64493
1396622200 64726
1396827235 63738
1396948562 64707
1396964259 63724
1396964282 63724
1396975042 63724
1396977943 63737
1397102136 63737
1397184232 64545
1397184233 64563
1397215370 64737
1397545489 64635
1397545490 64705
1397545491 64720
1397553744 64709
1397591247 64716
1397666024 64729
1397669690 67540
1397843191 63737
1397862835 64717
1397862854 64710
1397905923 73656
1397934341 64707
1397999873 64706
1398073088 64704
1398082411 64705
1398082412 64727
1398173427 64709
1398271672 73596
1398272422 73565
1398309556 67800
1398309557 67767
1398310768 64738
1398336670 67851
1398345676 73575
1398357088 68361
1398357147 73589
1398357470 73575
1398358632 73587
1398422643 64739
1398439480 73588
1398447551 73599
1398467131 64739
1398505264 64739
1398674249 64685
1398674250 64688
1398701088 68397
1398701596 73580
1398704105 73582
1398785542 73600
1398787021 67474
1399301640 64832
1399309669 67194
1399464554 67867
1399477080 67330
1399493235 64950
1399493236 65269
1399493237 66426
1399518238 66557
1399858782 64691
1400032984 64824
1400089147 64916
1400090807 73606
1400117349 64808
1400174080 64838
1400203417 64808
1400228456 73635
1400478042 64918
1400512136 64739
1400512704 64690
1400513883 64691
1400514575 64691
1400515466 64657
1400659437 64839
1400692827 67028
1400852669 64832
1400872496 64950
1401269124 67877
1401274177 66434
1401274178 66433
1401276039 68336
1401276041 66433
1401276160 66552
1401310899 64657
1401357596 68339
1401357597 68351
1401357702 67832
1401357703 67832
1401357704 67192
1401411419 64657
1401416344 64848
1401467234 66612
1401467359 64848
1401498310 64835
1401517486 78701
1401775765 64832
1401776408 66611
1401794959 72294
1401795465 64848
1401914591 66715
1401933772 67043
1401956019 72100
1402524895 66919
1402539899 67038
1402539900 67038
1402539901 66714
1402557151 66944
1402557152 66993
1402589313 67087
1402613853 67087
1402628157 67081
1402694330 66922
1402695275 68397
1402703036 66923
1403069302 67085
1403104658 66922
1403110279 67093
1403141224 67090
1403141225 67095
1403141226 67096
1403141227 67097
1403141228 67102
1403141229 67113
1403142360 67115
1403142363 67119
1403262547 67311
1403579772 67135
1403579805 67145
1403595021 67309
1403690657 67291
1403751181 67309
1403751182 67308
1403751183 67311
1403751184 67309
1403751186 67310
1403790144 73694
1403815113 67291
1404100451 67342
1404100452 67346
1404300172 68361
1404300311 67313
1404333281 67435
1404380196 67440
1404380198 67641
1404458957 67266
1404698092 67474
1404698093 67540
1404698211 67435
1404743753 67446
1404852117 67458
1405304863 67458
1405411329 67458
1405411330 67459
1405412780 67439
1405483186 67466
1405544557 67441
1405564836 67444
1405564837 67441
1405564838 67439
1405593961 67465
1406094454 67463
1406094455 67502
1406121226 67441
1406148973 67884
1406172112 73637
1406172114 73639
1406172448 73637
1406194215 67406
1406295717 67450
1406393395 67410
1406598909 67423
1406600297 67406
1406705192 67425
1406705525 67441
1406777022 67422
1406777023 67418
1406777024 67425
1406809010 67422
1406861061 67445
1406861880 67446
1407378957 67458
1407378958 67458
1407725359 67458
1407725375 67459
1407748336 67459
1407874973 67474
1407964697 67545
1408351099 68339
1408573333 67884
1408573400 67874
1408573467 67758
1408589812 74544
1408589813 67463
1408592136 67545
1408656244 67474
1408678969 67543
1408715158 67474
1408716098 67474
1408943347 67474
1409061036 67474
1409163363 67535
1409192753 67537
1409192754 67538
1409402889 67499
1409402890 67515
1409423220 68521
1409536053 67494
1409659040 67515
1409797668 67538
1409800163 67534
1409800164 67533
1410228540 67533
1410571281 67905
1410571282 67889
1410787080 67533
1411030872 67908
1411091399 67533
1411261279 67533
1411374568 78830
1411487398 68352
1411487487 68357
1411490363 74299
1411536699 67593
1411675630 67621
1411675848 67633
1411736569 67634
1412008786 67637
1412067130 67641
1412088056 67956
1412110565 67641
1412174091 67987
1412179679 67641
1412205729 67915
1412270138 67994
1412277140 71357
1412347121 71384
1412347529 71479
1412347815 71500
1412348066 71545
1412348376 67995
1412577081 68050
1412590606 68322
1412590669 68057
1412634436 71544
1412640511 79373
1412690944 68076
1412761349 68077
1412946976 71949
1412962222 68559
1412974242 76419
1412974626 68676
1412974627 70541
1412974628 70588
1412974629 70933
1412974630 71542
1412974631 70944
1412974632 70951
1412974633 71161
1412974634 71167
1412974635 71170
1412974636 71271
1413175333 72303
1413333911 71552
1413333974 71551
1413334014 71551
1413334238 71930
1413414858 71556
1413414859 71942
1413414860 71556
1413414861 71949
1413419603 71552
1413563168 71928
1413564213 71928
1413566408 71928
1413880277 71948
1414083931 72313
1414637089 73713
1414637090 71944
1414637643 73907
1414644183 71931
1414650846 71946
1414690421 71946
1414691987 72084
1414692391 72091
1414693352 72096
1414693682 72096
1414728679 71974
1414728680 71983
1414777747 72272
1414778479 72143
1414778481 74306
1414778482 72144
1414778483 72148
1414778484 72148
1414778485 72149
1414778486 72176
1414778487 72252
1414778488 72272
1415055050 72007
1415063556 72300
1415121771 72007
1415122234 72007
1415197491 85380
1415326062 73927
1415379596 72100
1415571415 74489
1415571416 74544
1415687954 73928
1415705758 96671
1415771531 72282
1415841569 74003
1415842580 72293
1416330320 72294
1416415496 72300
1416814064 76719
1416908152 72303
1416937576 76061
1416941412 72303
1416969820 74544
1416969821 74555
1416970730 76129
1416970731 76255
1416970732 76255
1417053694 72303
1417053695 72309
1417064205 72309
1417112106 76257
1417112795 76263
1417113262 76263
1417354966 78697
1417580307 72310
1417580308 74773
1417580309 74894
1417580310 75361
1417696006 77017
1417700838 72310
1417709876 74543
1417716990 76005
1418113643 74904
1418113644 74919
1418113646 75465
1418113647 75483
1418113648 75524
1418113649 75709
1418113650 75749
1418113651 75851
1418113652 76004
1418134547 77021
1418135823 77005
1418137091 76997
1418139670 76999
1418140630 76998
1418209019 77010
1418211005 77020
1418221284 77026
1418381646 77036
1418381884 76272
1418395766 76272
1418395841 76263
1418479645 76423
1418479723 76429
1418613389 76419
1418722958 76277
1418835948 76277
1418836318 76319
1418836578 76387
1418847245 80717
1418847248 80726
1418847249 80732
1418873555 76494
1418888366 76435
1418910756 76414
1418912411 76347
1418912588 76413
1418915050 76419
1418967114 76421
1418969588 76430
1418969589 76433
1418969590 76428
1418969591 76412
1418969592 76412
1418973769 76418
1418997562 76429
1418999460 76397
1419001728 76398
1419001919 76399
1419002139 76402
1419002579 76404
1419004532 76421
1419004900 76423
1419216816 76494
1419298184 76440
1419363292 76435
1419405052 76447
1419470194 76437
1419470195 76443
1419471131 76544
1419471132 76544
1419471133 76559
1419471134 76678
1419471135 76686
1419904337 76444
1419947575 76445
1419948073 76445
1419948350 76446
1419948977 76446
1419950249 76448
1419956592 76448
1420182749 77214
1420182750 77385
1420182751 77603
1420182752 77701
1420182753 77730
1420215727 76448
1420217466 76448
1420244791 76448
1420245025 76449
1420245245 76450
1420245399 76451
1420245460 76452
1420245917 76453
1420246164 76453
1420247348 76453
1420247576 76455
1420247755 76455
1420247848 76455
1420247895 76455
1420247971 76455
1420248006 76454
1420248050 76454
1420248130 76454
1420248461 76454
1420249652 76454
1420251055 76454
1420251191 76450
1420251850 76450
1420252411 76451
1420439067 76474
1420444575 76474
1420467009 76478
1420536644 76495
1420566363 76453
1420566888 76459
1420622623 76495
1420684853 76496
1420787336 76493
1420791102 76509
1420827749 76494
1420838841 76493
1421121196 76505
1421218240 76496
1421237595 76495
1421255263 76701
1421255601 76703
1421256737 76703
1421545978 76794
1421649903 76711
1421651898 76819
1421652450 76711
1421670606 76712
1421671489 76712
1421689640 76708
1421690968 76708
1421858966 76741
1421859762 76825
1421860172 76828
1421862444 76849
1421862782 76852
1421977849 76791
1422251582 78702
1422260798 76807
1422328363 78697
1422371152 76796
1422371153 76807
1422374860 76807
1422376948 76807
1422411175 77906
1422465370 77042
1422466117 77044
1422466877 77048
1422468085 77064
1422468407 77064
1422887531 78941
1422887737 78941
1422888675 78970
1422889810 80814
1422889883 80814
1422895781 77882
1422897425 77882
1422970833 77906
1422971349 77909
1422971766 77910
1422972268 77910
1422974297 77921
1422976975 77934
1422977511 77938
1422978633 77944
1422979948 77949
1422984854 77948
1422986038 77948
1423069703 77949
1423069823 77949
1423071954 77949
1423074218 77950
1423144007 77952
1423144323 77951
1423145500 77951
1423147602 77955
1423152876 77955
1423563793 78550
1423577830 78374
1423615584 78533
1423619837 78536
1423676112 78533
1423744860 78536
1423834783 78540
1423835371 78540
1424517162 78540
1424678404 78549
1425025593 78844
1425025594 78860
1425025595 78860
1425025596 78900
1425025597 78909
1425025598 78931
1425025599 82785
1425051005 78549
1425057465 78689
1425062244 81064
1425267710 78736
1425898564 78704
1425899182 78704
1425900626 78737
1425902126 78737
1425993078 78737
1426077648 78737
1426525851 78740
1426599661 78751
1426813815 78752
1426813839 78752
1426813871 78802
1426813889 78807
1427126223 78816
1427131639 78817
1427132756 78941
1427134837 78973
1427135491 80612
1427136591 78975
1427148452 78817
1427222386 78941
1427244941 78941
1427305422 78941
1427493523 78939
1427874777 78939
1427941295 78949
1428044472 78949
1428044473 78945
1428044474 78948
1428044475 78953
1428044476 78951
1428044477 78959
1428045793 78968
1428422958 78970
1428424145 78975
1428424440 78974
1428426579 78974
1428445728 80975
1428504604 78961
1428507235 78961
1428507591 78961
1428509757 80987
1428928621 78962
1429016851 78961
1429025843 78962
1429287632 78982
1429288178 78982
1429293735 79122
1429443988 79287
1429507996 79059
1429595304 79254
1429673927 79134
1429719401 79122
1429800007 79287
1429800903 79283
1429802104 79276
1429802910 79278
1429803668 79278
1429807826 79281
1429807893 79294
1429889317 79281
1429891292 79278
1430318884 79280
1430319382 79280
1430323587 79432
1430323708 79437
1430323906 79437
1430324768 79445
1430757381 79457
1430792419 79462
1431331722 79374
1431331723 79383
1431331724 79412
1431331725 79424
1431331726 79427
1431331727 79460
1431331728 79528
1431331729 79549
1431331730 79592
1431352552 79373
1431508533 79689
1431508534 83668
1431508535 83806
1431508536 79743
1431528111 79620
1431528141 79689
1431666674 79742
1431671303 80109
1431671304 80155
1431671305 80213
1431671306 80227
1431671795 80228
1432045264 80114
1432127564 79742
1432212655 79779
1432213469 79743
1432218796 79778
1432222949 80082
1432226935 79779
1432256483 79805
1432560958 79805
1432561169 80059
1432562926 80082
1432744197 80279
1432749089 80420
1432997688 80419
1433139624 80279
1433139918 80396
1433250032 80330
1433253471 80338
1433255840 80394
1433258207 80399
1433260112 80426
1433260676 80426
1433262273 80405
1433263261 80412
1433266480 80424
1433314651 80698
1433314653 80697
1433323623 80701
1433323624 80704
1433332795 80499
1433337896 80508
1433342151 80507
1433342270 80525
1433342434 80526
1433342571 80553
1433343094 80557
1433343125 80561
1433352954 80565
1433352996 80571
1433426062 80534
1433429340 80539
1433437695 80555
1433437792 80624
1433520128 80626
1433521592 80692
1433540069 80687
1433540231 80701
1433540469 80701
1433545428 80717
1433547566 80723
1433549833 80725
1433760894 80761
1433761250 80814
1433768777 80813
1433773614 80812
1433781418 80808
1433782444 80891
1433799021 80813
1433836660 83543
1433852525 80846
1433854723 80895
1433856291 80897
1433895702 81023
1433963151 81150
1433973859 81061
1433976390 81055
1433976675 81051
1434043861 81165
1434107741 81190
1434107924 81191
1434112611 81196
1434116407 81194
1434117535 81215
1434118173 81214
1434119851 81222
1434120161 81229
1434121608 81261
1434125920 81379
1434372042 81379
1434460551 81367
1434461324 81364
1434461802 81370
1434462997 81384
1434465438 81393
1434466866 81393
1434527340 81395
1434527341 81453
1434527342 81516
1434527343 81550
1434527344 81536
1434537856 81393
1434609971 81585
1434648958 81539
1434649201 81539
1434649648 81539
1434685420 81775
1434685759 81646
1434928428 81539
1434929967 81539
1434982394 81605
1434984521 81605
1435099573 81605
1435155666 81605
1435162156 81619
1435162157 81642
1435253766 81610
1435308236 81615
1435328580 81615
1435329869 81643
1435669507 81646
1435708612 81660
1435756823 81660
1435757999 81660
1435765761 81686
1435766083 81686
1435770758 81705
1435770935 81704
1435771145 81721
1435818964 81775
1435857807 81719
1435875318 81739
1435939637 81783
1436235136 82138
1436256922 81785
1436256923 81821
1436256924 81894
1436256925 81980
1436256926 82081
1436256927 82163
1436256928 82288
1436534869 82163
1436565905 82686
1436566025 82686
1436566701 82707
1436567462 82693
1436567887 82700
1436839981 82143
1436874336 82143
1436892712 82288
1437061633 82617
1437406164 82605
1437406303 82667
1437551886 82715
1437643087 82717
1437643088 82753
1437643089 82758
1437643090 82767
1437726902 82708
1437733262 82707
1437996757 83532
1437999866 82767
1437999867 82767
1437999868 82765
1437999869 82769
1437999870 82771
1437999871 82751
1437999872 82765
1438002110 82767
1438006612 82787
1438007248 82824
1438011363 82828
1438050493 83661
1438070038 83522
1438136897 82829
1438195057 82835
1438761792 82842
1438761793 82851
1438761794 82851
1438765705 83066
1438789488 82837
1438830354 83666
1438830355 83667
1438906825 83005
1439973893 82852
1440048263 82866
1440127286 82899
1440127287 82970
1440147112 82897
1440162463 82898
1440405902 82991
1440405903 82999
1440470696 82974
1440470697 82979
1440483067 82899
1440514208 82969
1440516637 82853
1440520361 82912
1440520716 82990
1440579862 83056
1440579863 83050
1440588879 83005
1440597816 82959
1440597817 82956
1440597818 82961
1440597819 82955
1440598574 82999
1440599538 83094
1440689896 82959
1440689897 83052
1440689898 83056
1440733331 83088
1440771090 83524
1440997476 82953
1440997478 82958
1441019021 83214
1441019023 83156
1441019024 83117
1441037727 83099
1441038976 83106
1441091526 82974
1441101794 83106
1441101808 83132
1441111213 83132
1441111522 83132
1441112669 83140
1441113048 83132
1441116012 83149
1441162846 83212
1441196549 83147
1441196550 83147
1441196551 83183
1441205864 83183
1441205874 83182
1441209743 83211
1441213671 83189
1441283360 83189
1441407978 83225
1441616957 83198
1441619192 83225
1441718209 83473
1441718210 83479
1441718211 83480
1441805541 83481
1441805542 83484
1441805543 83486
1441811052 83473
1441852454 83660
1441895764 83480
1442210902 83478
1442266039 83478
1442266768 83478
1442266949 83478
1442270400 83516
1442306782 83523
1442306783 83537
1442308937 83516
1442753406 83516
1442992744 83557
1442992745 83569
1442992746 83594
1443075184 83532
1443075185 83894
1443196783 83523
1443197744 83523
1443448693 83949
1443448694 83931
1443479584 85649
1443546636 83910
1443546646 83532
1443585104 85898
1443585105 86349
1443799272 83534
1443800661 83533
1444042683 83533
1444123936 83543
1444129869 83960
1444133799 83963
1444135207 84055
1444136035 84072
1444143008 84078
1444215172 84084
1444219598 84095
1444221394 84094
1444294029 83543
1444487456 84004
1444487457 84004
1444601778 84015
1444602571 84037
1444602898 85616
1444603963 85624
1444656174 84077
1444656175 84070
1444656176 84060
1444656177 84059
1444656178 84060
1444656179 84052
1444656180 84044
1444656181 84040
1444656182 84005
1444656183 83997
1444656184 83995
1444746873 84069
1444844377 84111
1444844438 84392
1444999880 84017
1445147081 84278
1445246941 83543
1445254670 83997
1445254671 83996
1445254675 84261
1445254677 84001
1445254678 83999
1445254679 84003
1445254680 84003
1445265074 84089
1445268475 84159
1445268554 84248
1445271155 84261
1445486019 84302
1445486285 84303
1445501978 85673
1445502370 85692
1445592355 84302
1445592890 84302
1445593421 84302
1445855298 84387
1445855299 84381
1445855300 84390
1445855301 84391
1445855302 84391
1445866534 84348
1445866607 84368
1445868217 84380
1445885470 84396
1445885697 84408
1445886142 84403
1445959822 84444
1445962667 84580
1446111103 84580
1446111104 84587
1446111106 84588
1446111108 84592
1446215695 84594
1446220732 84592
1446229001 84726
1446453259 84838
1446458937 84729
1446468245 84782
1446470398 84821
1446471692 84829
1446475610 84838
1446485068 84868
1446485524 84857
1446486057 84858
1446486285 84865
1446486888 84869
1446505712 84871
1446506381 84874
1446508012 84866
1446508289 84866
1446508823 84866
1446509390 84874
1446521016 84891
1446521017 84889
1446533289 84889
1446548580 84884
1446548581 84881
1446712379 84892
1446729730 84922
1446808074 84922
1446824389 84922
1446825235 84922
1446825636 84918
1446825936 84917
1446826157 84901
1446827685 84897
1446827911 84890
1446828437 84885
1446828648 84879
1446829061 84885
1446829404 84891
1446829829 84888
1446829964 84888
1446830452 84880
1446830704 84874
1446830875 84868
1446831087 84862
1446832329 84864
1446855984 84864
1446996783 84946
1447060013 84988
1447063177 84977
1447063178 84975
1447383221 84993
1447429795 84946
1447432151 84985
1447434545 85022
1447435238 85023
1447436584 85049
1447438527 85054
1447680565 85054
1447736506 85054
1447915359 85109
1447925784 85283
1447944905 85054
1447947435 85089
1448385279 85115
1448432346 85119
1448547605 85142
1448551336 85285
1448557005 85309
1448847570 85358
1448876188 85309
1448895456 85359
1448896055 85360
1448898269 85388
1448899820 85392
1448901735 85422
1448902618 85461
1448903581 85461
1448953881 85493
1448953882 85558
1448953883 85591
1449168344 85734
1449207446 85462
1449540433 85594
1450145041 85725
1450173720 85692
1451184088 85748
1451869289 85725
1451869290 85727
1451869291 85727
1451869292 85727
1451869293 85726
1451869294 85732
1452086554 85732
1452089326 85915
1452091026 85912
1452091931 85929
1452114533 85732
1452180485 85738
1452259865 85748
1452260088 85749
1452260804 85754
1452277982 85856
1452395063 86361
1452506507 85779
1452519080 85779
1452522488 85808
1452522758 85808
1452522907 85779
1452525148 86352
1452526094 86360
1452527084 86367
1452543022 88101
1452594018 86333
1452602150 86337
1452604704 86337
1452605123 86342
1452605681 86342
1452608171 86367
1452620569 86503
1452686382 86517
1452695908 86532
1452697556 86555
1452703539 86564
1452704662 86563
1452704914 86564
1452705272 86565
1452707099 86574
1452760824 86576
1452763753 86577
1452763835 86606
1452764222 86593
1452766587 86593
1452766683 86593
1452861061 86593
1452862841 86593
1452867466 86599
1453121795 86599
1453326565 86902
1453326566 87521
1453326567 87721
1453391972 86598
1453732530 86599
1453738113 86605
1453968024 86599
1453968033 86599
1454043791 89999
1454043792 90116
1454043793 90204
1454043794 90296
1454043795 90412
1454043796 90559
1454043797 90730
1454043798 90784
1454043799 90810
1454043800 90835
1454043801 91031
1454043802 91103
1454043803 91192
1454043804 91256
1454043805 91440
1454043806 91560
1454043807 91645
1454043808 91706
1454043809 91881
1454043810 91890
1454043811 91911
1454043812 90565
1454550683 86598
1454562134 86600
1454659654 86601
1455043002 96739
1455057938 96762
1455060209 96649
1455214884 86610
1455215186 86612
1455848074 86611
1456124393 86620
1456124394 86654
1456124395 86674
1456124396 86675
1456124397 86699
1456152589 86975
1456152590 87007
1456311153 87072
1456311154 87108
1456318632 87113
1456326247 87721
1456327156 87716
1456507329 86902
1456693914 87720
1456844528 87791
1456844787 87791
1456846091 87791
1456846156 87779
1456846466 87769
1456854296 87770
1456930039 87761
1456930069 87758
1456934428 87763
1457001184 87756
1457099171 87792
1457326661 87888
1457448193 87861
1457449206 88247
1457486380 87865
1457489455 87868
1457530169 87865
1457531324 87888
1457531711 87894
1457531847 87899
1457564911 87898
1457599400 87898
1457618227 87901
1457618538 87902
1457619481 87911
1457621866 88003
1457625113 87962
1457654675 87957
1457655973 87958
1457672942 87978
1457696985 88504
1457696986 88514
1457875448 87981
1457913754 87981
1457914542 87978
1457915242 88540
1457944309 88025
1457961016 87981
1457961512 88028
1457962590 88013
1458033900 88009
1458055918 88018
1458055946 88021
1458056695 88021
1458058560 88016
1458060996 87997
1458061103 87997
1458064857 87999
1458093671 87999
1458094267 87996
1458146476 88101
1458148113 88376
1458151385 88101
1458151632 88101
1458211278 88102
1458220944 88151
1458222572 88163
1458264375 88163
1458264590 88163
1458264692 88163
1458264915 88153
1458264989 88158
1458299304 88158
1458309822 88165
1458313629 88170
1458315273 88170
1458317485 88250
1458484450 88437
1458514745 88250
1458544860 88252
1458544861 88253
1458544862 88234
1458544863 88237
1458544864 88282
1458544865 88283
1458562991 88250
1458569767 88250
1458643229 88250
1458659191 88247
1458662193 88279
1458662480 88279
1458667764 88282
1458668838 88308
1458669699 88377
1458805648 88378
1458829565 88378
1458843473 88376
1458843571 88376
1458844293 88376
1458870934 88375
1459287288 88377
1459347529 88377
1459349792 88377
1459390774 88514
1459437028 88377
1459443519 88513
1459508231 88512
1459509464 88512
1459513149 88511
1459514562 88528
1459514733 88528
1459518421 89127
1459519676 89112
1459523331 89115
1459525570 89133
1459768546 89133
1459841761 88526
1459870063 88533
1460389261 88533
1460615074 89067
1460672471 88540
1460946427 88542
1460946428 88542
1460946429 88573
1461133968 88535
1461393637 92372
1461396385 92530
1461398210 92606
1461398920 92704
1461400504 92747
1461401904 92847
1461476027 92891
1461476728 93011
1461477268 93070
1461478630 93135
1461480101 93260
1461481224 93375
1461481679 93456
1461482696 93545
1461483341 93622
1461484032 93704
1461589857 89018
1461638989 89133
1462177589 89067
1462193988 89088
1462194204 89092
1462195922 89562
1462196079 89106
1462206566 89131
1462212800 89194
1462213133 89347
1462213135 89549
1462283985 89135
1462284005 89161
1462285252 89194
1462368995 89193
1462391006 89193
1462530451 89236
1462531341 89239
1462532387 89250
1462533162 89256
1462534097 89274
1462538757 89319
1462550211 89332
1462769206 89919
1462778401 89328
1462780159 89559
1462780331 89547
1462808666 89567
1462974007 89363
1462974038 89358
1462977633 89562
1463010636 89567
1463055210 89580
1463082565 89594
1463111091 89594
1463111092 89596
1463111093 89595
1463494424 89600
1463494860 89595
1463626479 89613
1463634793 89596
1463634794 89590
1463647475 89601
1463660451 89596
1463667444 89600
1463742557 89613
1463743228 89613
1463744342 89600
1464230162 89693
1464231410 89789
1464231411 89789
1464255780 89679
1464577093 89623
1464620855 89623
1464621079 89626
1464662760 90642
1464681073 90709
1464684573 90752
1464715022 89679
1464745881 89692
1464769783 90768
1464780164 89686
1464852169 90772
1464854797 89790
1464855018 89791
1464855111 89791
1464855190 89793
1464855297 89795
1464884321 89790
1464921265 89834
1464921266 89873
1464960524 89876
1464961045 89910
1464961599 89898
1464962072 89900
1464962511 89884
1464965577 89885
1464966523 89888
1465378802 91251
1465435395 91805
1465563798 90790
1465567075 90791
1465883419 90791
1466031001 90897
1466039751 90879
1466076438 90811
1466076446 90811
1466077818 90857
1466095724 90874
1466141874 90881
1466195868 91606
1466470119 90996
1466522219 92105
1466587533 91043
1466587824 91044
1466597266 91068
1466598503 91087
1466603417 91148
1466603537 91148
1466709964 91319
1466709965 91416
1466709966 91406
1466756687 91149
1466769285 91148
1466769816 91240
1466769844 91242
1466770231 91251
1466812049 91251
1467013810 91253
1467013811 91276
1467350785 91293
1467580946 91293
1467632715 91276
1467637058 91769
1467638573 91409
1467672527 91769
1467884618 91811
1467990265 91803
1468336396 91955
1468338443 91960
1468429201 91964
1468429523 91949
1468431715 91929
1468532126 91941
1468532618 91978
1468538712 91999
1468546827 92004
1468551628 96665
1468591920 92017
1468592826 92018
1468593487 92023
1468593968 92031
1468594856 92043
1468609968 92063
1469080311 98986
1469413445 99062
1469423555 99289
1469429856 99414
1469498581 99511
1469501062 99679
1469503120 99755
1469509931 99848
1469512801 99140
1469514410 99942
1469553102 92110
1469554239 92112
1469554392 92113
1469651452 92122
1469653989 92117
1469654360 92122
1469654825 92122
1469663260 92134
1469663766 92134
1469664270 92132
1469665003 92140
1469694505 92141
1469704448 92156
1469708339 96015
1469727410 92156
1469727851 92166
1469728580 92164
1469797602 92182
1471328277 92207
1471455204 93740
1471535058 93741
1471538314 93746
1471541110 93940
1471542606 93943
1471594385 93988
1471594386 94014
1471594387 94044
1471594388 94059
1471614304 94061
1471615601 94137
1471616436 94137
1471617400 94151
1471617614 94162
1471876271 94165
1471876344 94212
1471877835 94233
1471881049 94254
1471881316 94272
1471882093 94281
1471882243 94286
1471882694 94298
1471882734 94298
1471886060 94295
1471961556 94290
1471961913 94293
1471965690 94330
1471966294 94328
1471966483 94328
1471966505 94328
1471966573 94328
1471966735 94328
1471966808 94328
1471966860 94328
1471966880 94328
1471966921 94327
1471966943 94327
1471967001 94327
1471967043 94327
1471967076 94327
1471967115 94324
1471967154 94325
1471967185 94325
1471967287 94325
1471967309 94325
1471967324 94325
1471967348 94325
1471967394 94325
1471967416 94325
1471967451 94325
1471968277 94296
1471968356 94338
1471973088 94379
1471973585 94378
1471974032 94376
1471974200 94371
1471975087 94377
1472024957 100219
1472102460 95178
1472102461 95196
1472144538 94380
1472146428 94396
1472208811 95299
1472458139 94398
1472458140 94399
1472458141 94461
1472458142 94481
1472523350 94516
1472527772 94534
1472527773 94567
1472541733 94572
1472541734 94602
1472541735 94617
1472541736 94648
1472541737 94656
1472569750 94667
1472606144 94673
1472664717 95299
1472665111 95252
1472666713 95342
1472667395 95347
1472668726 95364
1472748678 94788
1472751503 94788
1472752444 94802
1472753120 94819
1472828243 94948
1472927450 94811
1472927687 94817
1472928441 94867
1472928738 94987
1472931413 94953
1473069667 95002
1473069751 94905
1473070884 94919
1473103656 95046
1473160109 95386
1473161223 95389
1473161981 95392
1473162729 95405
1473163645 95417
1473165078 95421
1473168631 95397
1473169273 95391
1473170159 95403
1473176106 95060
1473176133 95064
1473181602 95067
1473208173 100601
1473208174 100689
1473216859 95510
1473251774 95410
1473252677 95416
1473253754 95416
1473254191 95413
1473254289 95411
1473255087 95063
1473256326 95410
1473256661 95414
1473257351 95417
1473257911 95424
1473258153 95424
1473326304 95430
1473326411 95433
1473326568 95439
1473336745 95085
1473343062 95442
1473350222 95085
1473350804 95109
1473351468 95135
1473352270 95443
1473352965 95135
1473421055 95443
1473427339 95137
1473428000 95167
1473429378 95169
1473465734 95257
1473671604 95258
1473758766 95455
1473760701 95450
1473760817 95444
1473760984 95439
1473761624 95439
1473762465 95431
1473941332 95449
1473966950 95259
1474101278 95257
1474153823 95449
1474307004 95259
1474337942 95499
1474350546 99967
1474382736 95262
1474425447 100261
1474457764 95262
1474459193 95266
1474637884 95480
1474638688 95496
1474639617 95499
1474639773 95503
1474667517 95510
1474766801 95510
1474865666 95516
1474980519 95500
1475051404 95509
1475154755 95511
1475161499 95499
1475162746 95510
1475211894 96566
1475211896 98854
1475211897 98847
1475233224 95500
1475245160 95501
1475245385 95720
1475254306 95735
1475254784 95829
1475499150 95837
1475500273 95840
1475500430 95839
1475502085 95839
1475502585 95846
1475506133 95848
1475510045 95932
1475510149 95938
1475588056 95937
1475591040 95944
1475597550 95944
1475600018 95946
1475600109 95964
1475600557 95965
1475600963 95966
1475612052 95970
1475614820 95971
1475618491 96006
1475654868 96520
1475664471 96015
1475743639 96018
1475745212 96530
1475751362 96015
1475751978 96157
1475752277 96184
1475754024 96420
1475768133 96106
1475769891 96106
1475824979 96549
1475824980 96566
1475834150 96431
1475843015 96119
1476025692 96444
1476064059 96453
1476065542 96460
1476066634 96486
1476068413 96520
1476086358 96115
1476101095 96430
1476278429 96119
1476350546 96914
1476350547 96962
1476463180 96671
1476844503 96947
1476848757 96661
1476873490 96672
1477277012 96714
1477277013 100264
1477277014 96841
1477277015 100264
1477293753 96698
1477313186 96670
1477316437 96712
1477322294 96699
1477361464 96599
1477492892 96948
1477503814 96712
1477535568 96949
1477672443 96944
1477673255 100264
1477904926 97005
1477906045 96561
1477906152 96544
1477906477 96544
1477906711 96530
1477907512 96525
1477907546 96525
1477907948 96524
1477908083 100264
1477908486 96525
1477908710 96529
1477909022 96529
1477909932 96525
1477910423 96525
1477911114 96528
1477911615 96522
1477911895 96507
1477912518 96504
1477912790 96505
1477913228 96517
1477913608 96517
1477914269 96512
1477914412 96510
1477914815 96510
1477918588 96530
1477920303 96596
1477923620 96569
1477926053 96588
1477927337 96597
1477927875 96610
1477929975 96610
1477987306 96554
1478003365 96628
1478003546 96644
1478003653 96647
1478003818 96657
1478003984 96670
1478004019 96630
1478004434 96815
1478044434 96778
1478048773 96863
1478049052 96836
1478076871 96866
1478077576 96843
1478077735 96866
1478078132 96862
1478078356 96859
1478078530 96858
1478078793 96858
1478079739 96843
1478080088 96860
1478080240 96862
1478080345 96865
1478081772 96777
1478088435 96811
1478089051 96811
1478089665 96813
1478091607 96814
1478091846 96816
1478092073 96815
1478092496 96816
1478094850 100296
1478095147 96817
1478095487 100295
1478101029 96817
1478101847 96817
1478126223 100283
1478126576 100289
1478127711 96817
1478127749 96818
1478129871 100281
1478130823 96799
1478131063 96789
1478132598 96788
1478175679 96788
1478186645 96788
1478186824 96787
1478188170 96820
1478188535 96820
1478189356 96777
1478248438 96648
1478256886 96638
1478265163 96631
1478265195 96619
1478268714 96622
1478515322 100643
1478515420 100649
1478516428 100688
1478520120 96619
1478521294 96621
1478523531 96625
1478529504 96622
1478533880 96661
1478666655 96711
1478687942 96629
1478700455 96839
1478790106 96846
1478794269 96712
1478794997 96756
1478798581 96762
1478799113 98448
1478800658 96778
1478823529 96811
1478824059 96793
1478850021 96809
1478855066 96809
1478855525 96811
1478867787 96813
1478878098 96839
1479138195 96847
1479146800 98058
1479148998 98161
1479148999 98185
1479149000 98201
1479149001 98330
1479149002 98352
1479149003 98359
1479197787 98148
1479214968 98055
1479215723 98055
1479215970 98055
1479216404 98055
1479217099 98063
1479217314 98063
1479217486 98065
1479217923 98066
1479218122 98066
1479218746 98066
1479218948 98077
1479219762 98082
1479220443 98107
1479224701 98116
1479329672 98364
1479358891 98363
1479447852 98359
1479477075 98116
1479477770 98116
1479477973 98116
1479478190 98116
1479478682 98143
1479487572 98148
1479493262 98363
1479705041 98448
1479732043 104047
1479732721 101121
1479735846 98443
1479736300 98443
1479736511 100691
1479748797 100686
1479817938 98573
1479827724 98583
1479828884 98590
1479830111 98590
1479835174 98590
1479893803 98595
1479893945 98607
1479983406 98607
1479990631 98625
1480064328 98625
1480094434 98625
1480340153 100699
1480340158 100688
1480342936 100700
1480359163 100702
1480432039 98634
1480432335 98783
1480436692 100695
1480436714 100686
1480505657 98783
1480505867 98783
1480507474 98790
1480507568 98790
1480520958 100691
1480521033 100692
1480538900 100725
1480600274 100696
1480607179 100697
1480613288 100678
1480613300 100678
1480613313 100725
1480797594 100929
1480928873 100831
1480928874 100843
1480928875 100878
1480928876 100866
1480962920 100762
1480999178 100791
1481045191 100699
1481205379 100824
1481205380 100825
1481214964 100731
1481218410 100762
1481218630 100762
1481220060 100742
1481220730 100751
1481221288 100754
1481221670 100756
1481377662 100760
1481377663 100759
1481377664 100765
1481561125 100793
1481561299 100793
1481561611 100797
1481562139 100799
1481563330 100792
1481564327 100821
1481725372 100923
1481776168 101062
1481776255 101063
1481776385 101090
1481791022 100887
1482130597 100898
1482130602 100905
1482235734 100929
1482519039 100923
1483463024 100955
1483464403 100957
1483610912 100944
1483635838 100992
1483674047 100957
1483706827 100957
1483981142 100992
1484229647 100958
1484230329 100936
1484704599 101032
1484716867 101018
1484798403 101030
1484930515 100990
1484931132 100990
1484931244 101011
1484939013 101018
1485226985 101172
1485226986 101178
1485260141 101043
1485260245 101043
1485270164 101045
1485270324 101040
1485276370 101060
1485277187 101090
1485278367 101090
1485282975 101088
1485335672 101103
1485357804 101178
1485358500 101229
1485359675 101284
1485360550 101315
1485361262 101365
1485432816 101392
1485433678 101414
1485526559 101103
1485528437 101549
1485532263 101500
1485532597 101525
1485536125 101553
1485536906 101667
1485538491 101556
1485539456 101556
1485540010 101556
1485540545 101546
1485540728 101546
1485767482 101546
1485768781 101547
1485768976 101550
1485769795 101554
1485770656 101573
1485779362 101580
1485780096 101580
1485781879 101582
1485782430 101576
1485791527 101570
1485791937 101573
1485792843 101578
1485795135 101592
1485795639 101599
1485796531 101601
1485857289 101612
1485891267 101604
1485900834 101612
1485945721 101612
1485946401 101612
1485951784 101612
1485952662 101607
1485954908 101605
1485955032 101612
1485955518 101611
1485955644 101611
1485957964 101611
1485960066 101611
1485961787 101615
1485962046 101636
1485962423 101667
1486039124 101660
1486138532 101680
1486150685 101680
1486650016 101678
1486653194 101678
1486653362 101715
1486653664 101697
1486655657 101695
1486657385 101674
1486657490 101667
1486657925 101665
1486658384 101665
1486658522 101603
1486659691 101645
1487362308 101603
1487412693 101603
1487599137 101603
1487666067 101615
1487666068 101638
1487666069 101663
1487666070 101669
1487666071 101680
1487666072 101682
1487666073 101682
1487666074 101689
1487666075 101689
1487666076 101731
1487666077 101731
1487666078 101741
1487718878 101605
1487749832 101968
1487753178 101997
1487754259 101603
1487754497 101603
1487799166 101605
1487804196 101761
1487804197 101778
1487804855 101957
1487816542 101986
1487829205 102157
1487834236 102187
1487836006 102367
1487838074 102053
1488331311 119078
1488384644 101741
1488385006 101741
1488461785 101761
1488560534 101746
1488979404 101761
1488984717 101904
1489340812 102055
1489417731 102055
1489420354 102066
1489420888 102074
1489421724 102077
1489423385 102111
1489423735 102111
1489423940 102109
1489424848 102109
1489469307 103911
1489469718 103933
1489514009 102945
1489514182 102939
1489514495 102935
1489514691 102929
1489514969 102928
1489516247 103913
1489576910 103912
1489577296 103911
1489634310 103935
1489634311 103935
1489680680 103943
1489716393 103985
1489716394 103985
1489756282 103943
1490058055 103969
1490575929 103968
1490615701 103967
1490616860 103968
1490648840 103985
1490962821 115398
1490974152 103990
1490982005 103991
1491241630 104048
1491250867 104045
1491250868 104053
1491582067 104048
1491691067 104054
1491928420 104095
1492120615 104054
1492251188 104094
1492363202 104060
1492675676 104102
1492675677 104121
1492707002 104123
1492974000 104179
1493040580 104123
1493107277 104135
1493109616 104172
1493169761 104160
1493370755 104177
1493373023 104178
1493373081 104179
1493502845 104249
1493695045 104163
1493710569 104171
1493735034 104161
1493776214 104180
1493800959 104200
1493800960 104217
1494229090 104241
1494836858 104410
1494858871 104251
1494867623 104382
1494903713 104260
1494985281 104261
1494985291 104311
1495010570 104386
1495011455 104396
1495012676 104368
1495069880 104367
1495070261 104367
1495070465 104367
1495070639 104367
1495070695 104367
1495070808 104368
1495070852 104368
1495070994 104371
1495071483 104377
1495071543 104377
1495071625 104377
1495072132 104375
1495072251 104375
1495072315 104375
1495072489 104376
1495072801 104376
1495072944 104378
1495073122 104381
1495073200 104381
1495073350 104382
1495073393 104382
1495073506 104384
1495073607 104385
1495073659 104385
1495074094 104384
1495074142 104372
1495074979 104374
1495075868 104372
1495077115 104380
1495116963 104260
1495126140 104409
1495693306 104407
1495693307 104578
1495693308 104651
1495693309 104695
1495693310 104783
1496210166 104798
1496210167 104786
1496210168 104833
1496210169 104840
1496231348 104311
1496483865 104321
1496673573 104311
1496754058 104312
1497031775 104859
1497345557 104838
1497345558 104834
1497345559 104835
1497345560 104829
1497345561 104829
1497345562 104830
1497345563 104829
1497345564 104833
1497345565 104836
1497345566 104838
1497345567 104838
1497345568 104839
1497345569 104841
1497345570 104838
1497345571 104838
1497345572 104838
1497345573 104835
1497345574 104834
1497345575 104835
1497417968 104313
1497577402 104317
1497577403 104335
1497877730 104313
1497889304 104319
1498096321 104319
1498118273 104320
1498119176 104336
1498153795 104319
1498481011 104320
1498498481 104857
1498521302 104336
1498598745 104336
1498643964 115414
1498685389 104336
1498840464 104351
1499722148 104856
1499722149 104856
1499844027 104851
1499889889 104865
1499889910 104851
1499889922 105018
1499889938 104849
1499897413 104851
1499899631 104968
1500018464 115414
1500018465 115423
1500018466 115436
1500302642 104971
1500307130 104974
1500490890 104977
1500566036 104985
1500569089 105018
1500907540 105023
1501015892 117963
1501015893 117952
1501015894 118018
1501015895 118033
1501015896 118036
1501015897 118043
1501015898 118040
1501016081 115404
1501016082 115404
1501143419 115407
1501143420 115414
1501170441 115406
1501248586 118123
1502451992 117234
1502454992 117303
1502456777 117326
1502458316 117342
1502459255 117351
1502464304 117225
1502716185 105035
1502716456 115396
1502756232 115397
1503039860 116995
1503039861 117004
1503045166 115404
1503048990 115405
1503298624 115398
1503380106 115410
1503419443 116555
1503419577 116782
1503422328 116791
1503423884 115406
1503426643 116748
1503426876 116730
1503427429 116727
1503452336 118121
1503508787 115437
1503509202 115462
1503551905 115362
1503552243 115362
1503552329 115369
1503554801 115369
1503571121 117105
1503582528 116728
1503592338 115362
1503596755 115385
1503645816 117050
1503664011 116728
1503666671 115398
1503668664 115399
1503670816 116704
1503672856 116677
1503673906 117037
1503674463 116669
1503675034 116663
1503675862 116663
1503677235 116661
1503680917 116669
1503681661 116718
1503684288 116725
1503684574 116725
1503888087 118193
1503890434 118259
1503897993 118308
1503898969 118313
1503899661 118340
1503901107 118407
1503901907 118458
1503902696 118502
1503904089 118516
1503906496 118580
1503907735 118648
1503919999 116725
1503920312 116727
1503921242 116740
1503923333 116776
1503931696 116802
1503932052 116813
1503933411 116812
1503933665 116808
1503934028 116830
1503934766 116836
1503934990 116838
1503935081 116845
1503974840 118805
1503977026 119015
1503977603 119054
1503987086 118895
1504011337 116851
1504016204 116851
1504017301 116873
1504017375 116873
1504019235 116880
1504020159 116888
1504021348 116888
1504022019 116893
1504023543 116893
1504024890 116895
1504028530 116896
1504104983 116897
1504105011 116875
1504112223 116888
1504113889 117530
1504113911 116893
1504114682 116897
1504114875 116894
1504115270 116916
1504115431 116907
1504115564 116906
1504177224 117019
1504190055 116916
1504191467 116915
1504192020 117043
1504197277 116973
1504198178 116994
1504234576 119065
1504246357 119269
1504246806 119395
1504246957 119440
1504247172 119586
1504247402 119703
1504277134 117030
1504287136 117051
1504289643 117059
1504289695 117031
1504289900 117006
1504496599 117058
1504501534 117018
1504542828 117059
1504574655 117094
1504590542 117097
1504590603 117097
1504748907 117209
1504788285 117117
1504798191 117152
1504880405 117226
1504902563 117462
1504936971 117225
1505107363 117386
1505111766 117531
1505111767 117531
1505143046 117356
1505143743 117359
1505154364 117679
1505156178 117359
1505158072 117527
1505178250 117527
1505188590 119706
1505222585 117528
1505233071 117529
1505233344 117531
1505236169 117531
1505383846 117533
1505383856 117533
1505485080 117531
1505497761 117777
1505499451 117785
1505692346 117683
1505692347 117663
1506192242 117663
1506192324 117663
1506193241 117663
1506193723 117669
1506196151 117672
1506196406 117674
1506197742 117674
1506344961 117704
1506356718 117715
1506477669 117716
1506477703 117717
1506477739 117720
1506477767 117727
1506477828 117773
1506494076 119711
1506494078 119713
1506494079 119746
1506494080 119746
1506500919 119713
1506583759 118084
1506691415 117801
1506691494 117787
1506716978 118038
1506786867 118051
1506949243 118046
1506952844 118046
1507013246 118051
1507209953 118067
1507213521 118085
1507251908 119810
1507293477 118097
1507614804 120449
1507620748 120449
1507640012 118099
1507640246 118107
1507648083 118107
1507744636 119760
1507774944 118117
1507810134 118107
1507811367 118116
1507886242 118117
1507917877 118117
1507985694 119814
1508142176 120061
1508172468 118123
1508216441 120186
1508224359 120239
1508226350 120374
1508231592 120062
1508261987 119780
1508264832 119816
1508292043 119863
1508391693 120036
1508391694 120039
1508391695 120040
1508391696 120053
1508451853 119889
1508452304 119890
1508453310 119914
1508454103 119932
1508454295 119932
1508454413 119931
1508454671 119933
1508455393 120020
1508463733 120079
1508463785 120111
1508733841 120065
1508733948 120079
1508885265 120025
1509002917 120059
1509006771 120061
1509043495 120079
1509084024 120115
1509112234 120111
1509120222 120475
1509430078 120541
1509441223 120531
1509441224 120530
1509454674 120542
1509697683 120552
1509697684 120553
1509697685 120554
1509697686 120554
1509950997 120475
1510077824 120526
1510078488 120545
1510078661 120552
1510669479 120542
1510669905 120543
1510671146 120546
1510672614 120534
1511195992 120546
